26 767 


10 28 
8 14 18 
9 


4 14 18 
5 
3 


15 
4 8 18 
13 
28 

4 8 14 







0 

3 16 
30 
29 
32 
31 49 78 107 189 223 254 280 332 375 395 470 551 559 573 587 641 715 720 727 728 780 802 837 889 902 930 943 1012 1058 1107 1116 1117 1383 1716 1732 1830 1831 1849 1850 1912 1948 1975 1991 
1146 1154 1386 1716 1804 1828 

72 1156 1948 
78 1343 


1442 

1428 

82 126 




581 
32 81 87 89 106 107 108 182 189 279 332 395 493 542 548 559 573 576 579 580 582 609 715 716 728 757 824 847 862 863 895 900 902 903 984 993 1033 1035 1037 1058 1103 1119 1125 1139 1146 1154 1234 1320 1364 1373 1386 1388 1499 1522 1525 1587 1624 1625 1634 1715 1716 1750 1769 1770 1773 1774 1852 1912 1925 1975 1991 
1871 


54 1488 
53 1488 1500 
56 85 186 583 842 843 844 845 1552 1882 1935 
55 601 1117 1343 1443 1444 

560 1114 1335 1343 1704 









1403 

451 
80 84 252 528 653 682 919 1084 1113 1218 1397 1588 1595 1777 1933 1986 
35 130 435 1107 1499 1912 1948 1975 
181 1131 
674 

163 1407 1409 1427 1630 
1915 
32 36 79 118 254 375 395 435 551 720 943 1012 1058 1107 1343 1443 1444 1732 1872 1912 1975 
78 551 1443 1446 
71 573 752 933 1103 1113 1773 
49 548 
43 

71 85 87 395 573 621 919 1021 1397 1588 1675 1773 1935 1991 
55 84 87 248 809 845 922 1021 1159 1187 1397 1552 1773 1935 

49 84 85 114 115 395 518 542 573 609 621 712 809 847 922 957 984 1021 1058 1103 1119 1125 1139 1159 1310 1320 1364 1388 1454 1585 1675 1764 1773 1856 1935 1939 1975 1991 

49 107 182 189 279 332 444 493 548 568 573 576 579 580 609 629 715 728 731 760 847 889 895 900 902 955 956 985 993 1033 1062 1107 1116 1125 1146 1154 1159 1307 1364 1386 1388 1429 1525 1587 1625 1626 1634 1675 1716 1750 1769 1770 1773 1774 1850 1912 1913 1925 1935 1958 1991 
154 620 1961 

866 
846 1080 1103 


471 
112 122 877 878 1614 


395 650 919 933 1167 1517 
102 130 593 1360 1750 1939 1989 
101 
1815 

106 107 108 213 548 579 580 675 728 747 757 759 833 902 1033 1146 1386 1625 1694 1716 1750 1769 1770 1912 
49 105 107 108 109 130 182 254 279 395 548 573 579 580 728 833 847 895 900 902 903 1033 1058 1119 1125 1139 1146 1236 1386 1388 1624 1625 1716 1750 1769 1770 1774 1912 1937 1939 1960 
32 49 89 105 106 108 182 254 279 332 395 444 493 548 559 573 576 579 580 582 609 629 715 727 728 747 757 758 759 833 847 895 900 902 903 943 955 985 993 1012 1029 1033 1035 1037 1058 1062 1103 1119 1125 1146 1154 1320 1364 1386 1388 1429 1499 1523 1525 1587 1624 1625 1634 1694 1716 1750 1769 1770 1773 1774 1850 1852 1912 1913 1925 1937 1960 1975 1980 1991 
49 105 106 107 170 279 332 444 548 573 579 580 635 715 716 727 728 730 747 757 759 902 903 1033 1125 1146 1154 1320 1386 1388 1587 1625 1716 1769 1770 1852 1912 1937 1980 
106 548 1628 


97 122 877 878 
1524 1774 
87 115 957 1058 1523 
87 114 847 1525 1773 


78 1107 
1114 1335 1644 
121 
120 1477 
97 112 



43 
1458 


72 101 106 131 132 247 332 365 435 720 727 902 943 966 1058 1107 1732 1750 1908 1912 1913 1939 1948 1958 1975 
130 132 436 900 1488 1500 1750 1793 1913 1939 1975 
130 131 249 1750 

135 
134 

139 

137 


270 471 522 1672 1895 







341 1229 
1308 1467 
313 353 609 900 902 1154 1850 
155 334 727 728 730 
90 
153 252 332 334 640 715 727 728 730 734 1356 1457 1732 1785 1925 1936 

160 

731 1386 1769 1972 
157 1262 


76 1470 1630 






108 348 569 579 580 1307 1386 1769 1804 

1400 


1949 
1961 
178 573 
177 
1475 
375 1131 1663 1664 1665 
73 
49 89 106 107 254 279 332 395 499 573 587 609 728 757 800 847 900 902 957 1058 1116 1119 1125 1146 1320 1385 1386 1388 1499 1500 1625 1705 1716 1750 1769 1770 1773 1774 1850 1912 1913 1939 1975 1980 



55 842 
189 731 1935 

32 49 89 187 279 332 444 493 531 559 573 715 716 728 731 839 902 985 993 1012 1033 1103 1116 1386 1625 1716 1770 1912 1925 1935 1972 
621 
192 193 815 955 
191 918 1612 
191 1011 



629 895 971 993 1033 1103 1307 1364 1386 1525 1625 1627 1634 
1940 



1410 1987 
1947 


1560 



780 839 846 1354 


105 

243 244 1196 1350 1351 1531 1621 



225 



32 332 375 395 559 720 780 800 802 889 1012 1058 1107 1116 1117 1354 1356 1732 1830 1831 1912 1975 
284 1365 1749 1839 
219 226 
225 
1055 





234 235 404 
233 235 
233 234 







215 244 1350 1351 1489 1531 1621 
215 243 1350 1352 1531 1533 

284 1124 1749 1839 
130 248 249 
85 247 249 905 
132 247 248 1500 

1884 
71 155 332 334 528 529 650 707 734 919 922 1005 1498 1517 1785 1798 1933 1936 

32 78 106 107 182 332 395 542 609 612 837 847 902 943 984 1058 1107 1116 1119 1125 1188 1587 1764 1849 1850 1855 1912 1937 1939 1960 1975 







509 510 1826 1885 


266 
265 
268 
267 
1819 1939 
142 274 479 522 1672 1740 1893 

273 
272 419 518 1454 
270 479 522 1473 



469 1213 1644 1764 
49 89 106 107 108 182 189 313 332 334 395 444 493 499 548 559 573 579 580 587 609 629 728 731 747 757 759 800 801 833 847 895 900 902 957 985 993 1033 1035 1058 1103 1116 1119 1125 1146 1154 1234 1320 1364 1385 1386 1388 1499 1523 1524 1525 1625 1634 1705 1716 1769 1770 1773 1774 1828 1850 1852 1912 1925 1937 1975 1991 
32 395 715 720 800 802 1732 1949 
282 283 1116 
281 283 
281 282 
224 246 1124 1749 1839 
286 288 
285 288 

285 286 
290 589 851 
289 589 851 
292 293 
291 293 
291 292 
425 1086 


298 299 1180 
297 299 435 1300 1527 1912 
297 298 436 












313 609 1925 1991 
152 279 312 353 609 847 1119 1154 1364 1386 1525 1850 1991 




319 
318 1172 



465 




497 


1889 
32 49 89 107 108 130 155 182 189 223 252 254 279 334 375 395 548 559 573 579 580 587 588 609 641 715 720 727 728 730 731 757 759 780 800 802 847 895 902 935 943 955 957 985 987 993 1012 1021 1033 1058 1103 1107 1116 1125 1131 1146 1320 1356 1383 1386 1388 1499 1521 1625 1632 1675 1715 1716 1732 1750 1769 1770 1773 1785 1835 1908 1912 1913 1925 1935 1937 1975 1991 

153 155 252 279 332 573 587 715 716 727 728 730 919 987 1131 1320 1386 1498 1522 1526 1663 1665 1716 1770 1785 1925 1986 





342 
150 342 
340 341 

345 
344 

692 
170 569 1804 


1223 1620 1745 
353 868 1971 
152 313 352 568 609 869 1154 1594 1971 




359 360 364 962 
358 360 
358 359 364 
962 


358 360 
130 366 367 824 1058 1403 1939 
365 1234 
365 
1982 






32 78 180 223 332 587 728 889 1107 1732 1975 

583 



382 
381 

805 1914 






1980 
1336 

589 1221 1222 1311 
32 49 78 84 87 100 106 107 182 223 254 279 280 332 542 559 573 587 588 715 720 727 728 757 780 802 809 847 902 943 957 1012 1032 1037 1058 1095 1103 1107 1116 1117 1125 1131 1146 1234 1291 1292 1320 1356 1454 1499 1521 1625 1632 1716 1732 1770 1773 1774 1835 1912 1925 1935 1939 1960 1975 1991 

1842 1946 

401 

399 
1087 1324 

233 



836 892 

1303 








273 420 
419 1435 


853 

294 817 1086 1629 1946 
577 919 1084 1131 1135 1785 1933 1986 


907 
467 1069 



731 
72 78 130 298 436 437 462 1107 1732 1912 1939 1975 
131 299 435 437 1632 1732 1913 1975 
435 436 1095 1975 






89 107 108 189 279 548 579 629 723 728 731 747 757 801 895 902 993 1033 1146 1154 1307 1320 1386 1625 1716 1769 1770 1774 1912 






70 453 
453 469 1883 
451 452 

461 
457 
456 867 

1223 1547 
461 
455 460 
435 1939 


323 1767 1945 

430 

278 452 583 1021 1105 1552 1585 1882 
32 531 533 568 603 641 761 837 1012 1364 
96 142 1895 






1154 1271 1633 1719 
270 274 483 522 



479 









49 89 107 189 279 548 573 580 609 715 728 731 757 902 993 1033 1103 1116 1125 1146 1386 1625 1716 1769 1770 1912 1925 1935 1967 


1951 
328 

182 279 609 800 847 1058 1146 1360 1388 1939 1971 
501 502 503 884 1101 1863 
500 502 503 884 
500 501 503 
500 501 502 884 1101 





262 510 1826 
262 509 
512 616 846 
511 


1076 


87 273 672 809 1454 



142 270 274 479 1893 1895 
766 
1790 



71 252 529 809 919 921 922 1084 1309 1396 1397 1933 1986 
252 528 650 921 922 1056 

189 470 533 1012 
1362 
470 531 1012 1361 1586 1925 








49 87 254 395 573 809 863 957 1032 1058 1107 1119 1125 1159 1188 1292 1320 1373 1587 1764 1773 1782 1878 1939 1960 1975 

1956 



49 81 89 105 106 107 108 109 279 332 444 493 573 579 580 582 609 641 675 715 727 728 747 757 759 833 847 895 900 902 903 943 993 1033 1035 1058 1062 1103 1125 1146 1154 1320 1386 1388 1429 1525 1587 1624 1625 1628 1634 1694 1716 1750 1769 1770 1774 1850 1852 1912 1937 1980 
1008 

32 78 79 552 560 780 1343 
551 

555 1986 
554 919 

914 

32 49 107 189 223 279 332 395 573 641 715 720 731 761 847 889 902 971 993 1012 1058 1103 1114 1116 1117 1146 1272 1356 1364 1386 1625 1704 1716 1732 1773 1912 1935 1975 1991 
58 551 746 839 1107 1114 1338 1519 

1941 




1070 
89 353 470 573 583 603 609 836 847 955 1021 1103 1159 1213 1364 1773 1935 
170 348 1587 



32 49 80 84 87 89 106 107 108 177 182 189 279 332 334 395 493 542 548 559 568 576 579 580 587 609 621 641 715 716 720 721 727 728 731 761 809 824 847 862 863 889 895 902 933 955 957 971 984 985 1012 1013 1021 1032 1033 1035 1058 1103 1116 1119 1125 1139 1146 1159 1167 1187 1234 1320 1356 1364 1373 1386 1388 1499 1521 1523 1524 1525 1526 1587 1625 1626 1634 1675 1716 1732 1769 1770 1773 1774 1785 1835 1912 1925 1935 1939 1960 1972 1975 1991 

640 809 922 1362 1632 
49 89 107 573 621 650 895 1125 1167 1234 1588 1625 1769 1991 
426 715 1167 1785 

49 89 105 106 107 108 170 279 332 444 548 573 580 582 609 629 715 716 727 728 731 747 757 759 760 833 895 900 902 903 993 1033 1062 1125 1146 1154 1307 1385 1386 1429 1522 1525 1624 1625 1634 1716 1736 1750 1769 1770 1771 1774 1850 1852 1912 1925 1937 
49 89 105 106 107 108 170 279 332 493 548 573 579 582 715 727 728 730 731 757 759 889 895 902 955 985 993 1033 1062 1125 1146 1154 1307 1386 1525 1587 1625 1634 1694 1716 1750 1769 1770 1850 1912 1925 1937 1941 
48 582 
49 107 548 579 580 581 747 757 758 759 847 900 902 903 1146 1386 1429 1625 1716 1750 1769 1770 1774 1850 1991 
55 377 469 568 609 847 862 955 1159 1167 1213 1373 1585 1856 1872 
731 1359 
1139 1188 1773 

32 182 279 332 334 375 395 573 588 728 757 902 957 1035 1058 1116 1320 1499 1521 1716 1770 1908 1912 1975 
332 395 587 957 1084 1131 1933 1975 1986 
289 290 394 851 
591 
590 

101 609 1388 1750 1850 


597 599 
596 599 

596 597 

56 

470 568 615 788 1307 1364 1425 

1897 

608 
607 
49 87 89 107 152 182 254 279 312 313 332 353 493 499 548 568 573 579 583 593 721 809 847 862 895 902 1021 1029 1058 1103 1119 1125 1146 1154 1213 1234 1320 1360 1364 1373 1386 1388 1499 1523 1525 1587 1625 1675 1716 1764 1769 1770 1773 1774 1827 1850 1852 1925 1935 1939 1991 


254 613 614 1107 
612 614 1821 1849 
612 613 
603 712 1307 1364 1425 
511 



90 1961 
84 87 190 573 576 933 1103 1139 1234 1675 1773 1925 1991 
623 1361 1608 
622 1609 




855 
89 107 197 279 444 579 630 715 728 760 895 902 985 993 1033 1146 1154 1364 1386 1536 1625 1634 1716 1769 1770 1912 
629 1154 1386 1774 
1014 



108 747 900 902 1033 1386 


1098 

155 575 734 922 1125 1362 1632 
32 332 470 548 559 573 643 681 715 780 847 902 985 987 1012 1058 1116 1386 1514 1625 1716 1750 1830 1831 1912 1925 

641 681 

1780 


1871 

100 252 529 576 682 919 922 1131 1167 1517 1772 1777 1785 1798 1842 1986 
1231 

71 682 919 933 1084 1113 1167 1552 1595 1777 1842 1986 








1475 



667 
666 



1107 
518 919 1396 1454 1588 1933 

74 
105 548 902 943 1033 1429 1750 1769 1912 





641 643 
71 650 653 919 933 1167 1552 1595 1777 1842 




817 1946 

1387 


347 

1386 1694 

870 

1291 1975 




1026 1264 1267 1268 



252 720 721 722 734 1798 




87 615 1085 1143 1159 1373 1425 1626 1752 1764 1773 1845 1856 1878 


32 49 89 107 108 155 189 280 332 334 395 493 548 559 573 577 579 580 629 641 716 720 727 728 731 734 735 761 780 889 895 902 943 955 971 985 993 1012 1033 1058 1103 1107 1116 1117 1125 1146 1320 1356 1386 1499 1521 1625 1634 1716 1732 1750 1769 1770 1785 1831 1908 1912 1913 1925 1975 
49 108 189 334 573 579 715 722 728 734 735 902 993 1033 1103 1357 1386 1625 1716 1770 1825 
1051 


32 78 130 223 280 332 395 559 573 707 715 721 722 727 780 902 943 1012 1058 1107 1116 1117 1156 1343 1356 1499 1732 1750 1912 1913 1975 
573 609 707 720 722 809 1393 1733 1773 
707 716 720 721 863 1357 1734 
444 760 1154 1271 1386 



32 107 108 130 153 155 332 334 395 548 573 579 580 715 720 728 730 757 902 935 943 955 985 1012 1033 1058 1107 1116 1131 1146 1356 1386 1499 1521 1625 1670 1716 1732 1750 1770 1785 1908 1912 1913 1925 1936 1975 
32 49 89 105 106 107 108 153 155 182 189 279 332 334 375 395 444 493 548 573 579 580 587 629 715 716 727 730 731 734 747 757 759 801 889 895 902 943 955 985 987 993 1012 1033 1035 1058 1103 1116 1131 1146 1154 1307 1320 1356 1386 1388 1499 1521 1522 1625 1663 1675 1716 1732 1736 1750 1769 1770 1771 1774 1785 1830 1831 1912 1913 1925 1935 1936 1937 1975 
1583 
108 153 155 332 334 580 727 728 902 1033 1125 1146 1625 1936 
89 159 187 189 279 332 434 444 493 559 573 579 580 584 715 728 734 739 760 895 902 985 993 1012 1033 1116 1146 1307 1386 1625 1716 1769 1770 1912 1925 1935 1961 
1055 

155 252 640 707 715 716 728 731 735 900 902 993 1033 1125 1307 1356 1386 1625 1716 1770 1774 1936 
715 716 734 993 1033 1386 



731 






560 1519 
105 107 108 279 444 548 579 582 635 728 757 759 833 900 902 1033 1154 1162 1320 1386 1429 1625 1714 1716 1750 1769 1770 1774 1980 1985 


894 1769 

80 1066 1113 




49 105 107 108 182 279 332 395 444 493 548 579 580 582 587 727 728 747 758 759 801 833 847 902 1033 1058 1125 1146 1320 1385 1386 1521 1625 1716 1750 1769 1770 1850 1852 1912 
107 582 757 759 900 902 1033 1146 1386 1429 1625 1750 1769 1770 1774 1852 
105 107 108 279 332 548 579 580 582 728 747 757 758 902 1033 1146 1386 1625 1716 1769 1770 1852 1937 
89 579 629 723 731 902 1154 1271 1307 1386 1716 1958 
470 559 573 715 1386 1831 
1620 



523 
0 


1054 
772 773 966 994 1750 
771 773 994 
771 772 

952 

1945 
790 792 

32 210 223 332 395 551 641 715 720 781 802 839 889 1012 1116 1117 1343 1732 1830 1831 1912 1975 
780 
1874 
1985 

786 997 1504 
785 846 997 998 
945 
603 

778 792 1732 

778 790 







182 223 279 280 332 499 801 802 1958 
279 444 728 757 800 1033 1386 
32 223 280 332 395 780 800 1058 1354 1830 1831 1912 
1891 
1755 
384 



85 87 395 518 528 542 573 575 609 721 847 922 957 1021 1032 1103 1119 1125 1388 1454 1632 1675 1764 1773 1782 1785 1852 1975 1991 


1225 


191 917 

425 687 1086 1629 1946 

820 
819 



49 365 573 895 1062 1386 1587 1625 1634 1706 1769 1770 1771 1774 
1230 
1585 

829 
828 



105 106 107 279 548 579 747 757 902 1033 1386 1429 1522 1624 1625 1634 1736 1769 1770 1771 1962 
922 1362 1632 

408 568 892 1213 1582 1935 
32 254 470 1849 
1271 1719 
189 210 560 780 


55 186 843 844 845 1882 
55 842 844 845 
55 842 843 845 
55 85 842 843 844 1021 1187 1552 1777 1882 1935 
93 210 511 786 1371 1411 
49 87 89 106 107 115 182 254 279 313 332 395 499 548 559 568 573 582 583 609 641 757 809 862 895 902 1035 1058 1119 1125 1139 1146 1154 1188 1234 1320 1364 1373 1386 1388 1499 1523 1524 1525 1587 1625 1634 1705 1716 1764 1769 1770 1773 1774 1827 1828 1850 1852 1939 1991 


1189 
289 290 589 

423 904 1343 

628 

1194 
860 861 
860 861 
858 859 861 
858 859 860 
49 573 583 609 847 1213 1585 
49 542 573 722 1357 1373 1587 1872 1877 1960 


92 1055 1090 
457 1037 1353 1975 
352 1371 
353 
696 1876 


1169 1930 



97 112 878 879 897 1614 1731 
97 112 877 879 1614 
877 878 1101 


1360 

500 501 503 1101 


1967 1969 

32 89 223 375 559 573 580 715 728 780 890 891 943 1107 1116 1356 1357 1670 1675 1716 1831 1912 
889 891 1357 
889 890 
408 836 

750 
49 89 106 107 197 279 332 444 548 573 576 579 580 609 629 715 728 731 824 847 902 955 971 985 993 1033 1058 1062 1103 1125 1146 1154 1234 1307 1320 1364 1373 1386 1525 1536 1587 1625 1634 1694 1716 1769 1770 1774 1828 1912 1925 1937 1991 

877 


49 89 106 107 131 152 182 279 548 579 582 635 734 747 758 902 903 931 956 1033 1125 1146 1320 1386 1429 1499 1625 1716 1750 1769 1770 1774 1850 1913 

32 49 89 105 106 107 108 130 152 182 189 254 279 332 395 444 493 548 559 573 579 580 582 587 609 629 635 641 675 715 716 720 727 728 730 731 734 747 757 758 759 760 833 847 895 900 903 930 931 943 955 985 993 1012 1033 1035 1058 1062 1103 1107 1116 1125 1146 1154 1320 1364 1385 1386 1388 1429 1499 1521 1587 1624 1625 1634 1675 1715 1716 1736 1750 1769 1770 1771 1774 1850 1852 1912 1913 1925 1935 1937 1939 1958 1971 1980 1989 1991 
49 106 107 108 548 579 582 900 902 1033 1146 1154 1386 1625 1716 1750 1850 
853 1851 
248 1110 

429 






557 1966 


815 918 1611 1612 
192 917 1596 1611 1612 1944 
71 84 100 252 334 426 528 555 650 653 672 682 922 1084 1113 1131 1167 1309 1396 1397 1517 1588 1595 1772 1777 1785 1798 1842 1933 1986 

528 529 922 1056 
85 87 252 528 529 575 640 650 809 834 919 921 1397 1458 1552 1632 1785 
1396 






32 902 931 932 1750 1850 
900 902 930 1850 
930 
80 100 573 621 653 682 1113 1167 1187 1228 1234 1595 1777 

332 727 937 943 1457 1670 1732 1908 1975 

935 1465 

1945 



32 78 107 130 254 332 395 548 675 715 720 727 728 889 902 935 1033 1058 1107 1116 1356 1499 1587 1716 1732 1750 1770 1830 1835 1908 1912 1913 1958 1975 

787 
1490 





775 1766 


89 107 191 332 568 573 580 583 715 727 728 895 902 985 1021 1058 1187 1386 1625 1634 1769 1770 1856 1912 1925 1935 
89 900 1774 1913 
87 114 182 279 332 395 542 573 587 588 809 1032 1058 1131 1234 1291 1292 1320 1454 1705 1773 1939 1975 1991 
1031 1065 



358 361 

965 
964 968 
130 771 967 1735 1750 
966 
965 

1400 
197 559 573 715 895 993 1103 1146 1386 1625 
973 
972 



1112 





984 1567 
49 87 254 573 983 1103 1373 1568 1675 1764 1773 
89 107 189 279 332 573 580 629 641 715 727 728 731 895 902 955 986 987 1012 1033 1058 1116 1146 1307 1373 1386 1521 1523 1525 1625 1634 1716 1769 1770 1912 1925 
985 987 1307 1524 
332 334 641 728 985 986 1386 1521 1522 1625 1770 1925 


992 1912 
992 
990 991 
49 89 107 189 197 279 332 444 493 548 559 579 580 629 715 716 728 731 734 735 895 902 971 1033 1103 1116 1146 1154 1272 1307 1386 1625 1694 1716 1769 1770 1774 1912 1925 
771 772 


785 786 
786 1865 






252 1012 1013 


549 

1085 1313 
193 1582 
32 78 107 189 223 332 395 470 531 533 559 573 641 715 720 727 728 731 780 902 985 1005 1013 1058 1103 1107 1116 1117 1146 1356 1383 1386 1499 1625 1716 1732 1770 1830 1835 1912 1925 1935 1975 1991 
573 1005 1012 1357 1925 
631 
1236 





84 85 87 332 469 568 573 609 809 845 955 1085 1150 1159 1167 1187 1228 1499 1552 1675 1773 1882 1935 


1533 1676 

703 


107 609 1146 1360 1939 

958 1065 
395 542 573 809 957 1058 1320 1975 
49 89 105 106 107 108 189 197 279 332 444 493 548 573 579 580 629 635 675 715 716 727 728 730 731 734 735 747 757 758 759 801 833 895 900 902 903 943 985 993 1035 1058 1062 1103 1125 1146 1154 1234 1307 1320 1385 1386 1429 1525 1624 1625 1634 1694 1716 1750 1769 1770 1771 1774 1912 1937 1989 

49 107 279 548 573 587 728 847 902 1033 1058 1146 1373 1499 1587 1625 1770 
1966 
49 107 395 867 1058 1146 1373 1587 1715 1975 






1045 
1044 




1877 
717 


770 
227 732 866 1620 
529 921 

32 49 78 87 106 107 114 130 182 223 254 279 332 365 395 499 542 548 559 573 587 609 641 715 720 727 728 757 802 847 895 902 943 955 957 985 1012 1032 1033 1035 1037 1095 1103 1107 1116 1125 1146 1187 1234 1291 1292 1320 1356 1373 1388 1499 1523 1524 1525 1587 1625 1634 1705 1716 1732 1770 1773 1774 1835 1912 1913 1925 1937 1939 1971 1975 1991 



89 107 548 579 580 824 895 902 1033 1146 1386 1525 1625 1634 1769 1770 1771 1774 


958 1031 1444 1445 
752 


430 
567 1980 

1239 1954 



515 


1625 1769 
93 1203 1221 1222 



71 426 528 588 653 919 1113 1131 1396 1397 1588 1595 1777 1933 1986 
712 1010 1021 1313 
294 425 817 1629 1946 
402 


866 

1093 
1092 

395 437 1058 1096 1099 1354 1671 1732 1925 1975 
1095 1099 

638 
1095 1096 

500 503 879 884 

49 80 87 93 107 189 197 279 332 395 493 548 559 568 573 609 621 715 716 728 809 895 902 971 984 993 1012 1033 1058 1116 1125 1146 1234 1320 1386 1499 1525 1625 1675 1770 1773 1774 1785 1925 1935 

469 1882 
1284 1409 1630 
32 72 78 89 118 130 223 254 332 375 395 435 542 560 612 671 715 720 727 889 902 943 1012 1058 1114 1116 1117 1383 1443 1444 1716 1732 1764 1855 1912 1937 1939 1948 1975 


905 1966 

977 1194 
71 80 653 752 919 933 1084 1477 1595 1986 
58 119 559 560 1107 1116 1117 1343 1443 1444 1704 1764 

32 89 182 189 223 254 279 281 332 395 493 559 573 587 641 715 720 727 728 731 780 889 902 943 985 993 1012 1058 1103 1107 1114 1117 1343 1356 1383 1386 1388 1443 1444 1499 1625 1716 1732 1770 1850 1912 1925 1937 1960 1975 
32 56 223 395 559 715 720 780 1012 1107 1114 1116 1343 1443 1444 1704 1732 1975 
1290 
49 87 106 107 182 254 279 313 542 573 609 809 847 1125 1139 1146 1388 1773 1991 




246 284 1749 
49 87 89 106 107 108 182 254 279 332 395 493 542 548 573 576 579 580 609 640 715 730 734 757 809 847 895 900 902 1033 1058 1103 1119 1139 1146 1320 1386 1499 1587 1625 1716 1750 1769 1770 1773 1774 1852 1912 1913 1975 1991 

1165 



73 180 332 334 395 426 588 650 727 728 919 957 1084 1383 1517 1632 1663 1665 1732 1772 1785 1908 1933 1975 1986 


1231 
426 



49 87 106 573 585 621 847 1119 1125 1146 1773 1991 



712 1845 1878 


33 49 89 105 106 107 108 182 279 332 395 444 493 499 548 559 573 579 580 582 609 629 715 727 728 730 731 757 758 759 847 895 900 902 903 971 985 993 1012 1029 1033 1035 1037 1058 1062 1103 1119 1125 1139 1154 1320 1364 1386 1388 1499 1500 1523 1524 1525 1587 1625 1634 1675 1694 1716 1750 1769 1770 1773 1774 1852 1912 1925 1937 1960 1975 1980 1991 



1021 1552 



33 49 89 107 108 152 279 313 353 444 478 548 579 580 609 629 630 723 728 747 760 847 895 902 903 993 1033 1146 1271 1307 1364 1386 1525 1625 1716 1769 1770 1774 1828 1850 1852 

35 720 1157 1343 
1156 1343 1344 

85 87 89 542 568 573 583 712 1021 1373 1587 1626 1752 1773 1845 1873 1878 
1985 

747 1163 1985 
1162 1985 

1127 

100 573 576 577 583 650 653 682 919 933 1021 1234 1517 1552 1589 1595 1772 1777 1785 1842 1935 

873 1930 1932 


319 1173 
1172 
1175 
1174 




297 

1183 
1182 

1186 1890 
1185 1310 
85 573 845 933 955 1021 1058 1228 1499 1552 
254 542 585 847 1373 1587 1764 1773 1855 
850 1190 
1189 



857 1112 

215 1197 1351 
1196 





1080 1221 1222 




1802 




278 568 583 609 836 862 1418 1644 1645 1699 1764 




71 1309 1396 


394 1080 1203 1222 1392 
394 1080 1203 1221 
351 459 

812 


933 1021 1187 
150 
825 
651 1134 


49 279 366 395 573 576 609 621 847 895 933 957 1033 1058 1103 1167 1292 1320 1364 1373 1523 1525 1625 1769 1770 1773 1774 1991 

106 1015 1624 


1072 1746 1954 









1250 
1249 





1785 

1260 

1258 

160 

703 1266 1267 1268 

1264 1267 1268 
703 1264 1266 1268 
703 1264 1266 1267 


478 723 760 838 1154 1494 1719 
559 993 
1274 1275 
1273 1275 
1273 1274 








1106 1470 1630 





1118 
395 698 957 1058 1292 1939 1975 1991 
395 542 957 1058 1234 1291 1320 







298 1752 1912 


410 



89 170 197 444 579 580 603 615 728 731 734 760 895 985 986 993 1033 1154 1364 1386 1525 1625 1694 1716 1769 1770 
151 1338 1677 
528 919 1218 1318 1396 1588 1986 
87 1186 1397 
394 

1010 1085 




1309 

49 87 107 108 182 279 332 334 395 444 542 548 573 587 609 715 728 747 757 847 895 900 902 957 1032 1033 1058 1103 1125 1146 1234 1292 1386 1388 1499 1525 1625 1716 1769 1770 1773 1774 1912 1939 1975 1991 
1545 1825 


402 










58 119 
392 

560 1308 1339 1340 
1338 1340 
1338 1339 


36 56 58 78 551 720 780 853 1114 1116 1117 1156 1157 1344 1346 1444 1704 1712 
1157 1343 1346 1710 

1343 1344 
1982 


215 243 244 1351 1489 1531 
215 243 1196 1350 1621 
244 
867 
210 223 802 1095 1355 1830 
1354 
155 223 332 395 559 573 715 720 727 728 734 889 943 1012 1058 1116 1357 1716 1732 1785 1830 1835 1912 1913 1975 
716 722 863 889 890 1013 1356 1837 

584 
101 499 609 882 1029 1388 1699 1939 
533 622 
532 575 640 834 1632 

49 87 89 107 197 279 313 470 559 568 573 603 609 615 629 847 895 902 1146 1154 1234 1307 1386 1425 1523 1524 1525 1625 1627 1634 1716 1769 1770 1773 1774 1828 1852 1935 1991 
224 1749 1839 

1929 

1482 1483 1936 

846 868 
1374 
49 542 573 583 609 712 847 863 895 984 985 1035 1037 1058 1159 1188 1234 1388 1523 1525 1587 1625 1626 1634 1764 1773 1782 1835 1878 1925 
1372 





1382 1977 

1380 
32 332 1012 1107 1116 1131 1716 1732 1912 1948 1975 

182 279 579 757 902 1033 1386 1625 1716 1750 1769 1770 1828 1850 1852 1912 
33 49 89 105 106 107 108 159 170 182 189 197 279 313 332 334 444 493 548 559 573 579 580 582 609 629 630 635 641 694 715 716 723 727 728 731 734 735 747 757 758 759 760 761 801 824 833 847 895 900 902 903 955 971 985 987 993 1012 1033 1062 1103 1116 1125 1146 1154 1307 1320 1364 1385 1388 1429 1499 1521 1522 1525 1587 1624 1625 1634 1694 1716 1750 1769 1770 1771 1774 1828 1850 1852 1912 1913 1925 1935 1937 1961 1980 1991 
689 
49 87 89 106 107 108 182 279 332 499 548 573 593 609 728 809 847 902 1058 1116 1119 1146 1320 1360 1373 1386 1499 1525 1536 1587 1625 1769 1770 1773 1774 1850 1852 1912 1937 1939 1971 1975 1991 



1221 1393 1395 
721 1392 1395 

1392 1393 
528 672 919 923 1084 1218 1309 1397 1526 1552 1588 1933 
71 84 85 528 919 922 1084 1310 1396 1588 1933 


172 970 
1402 
1401 
68 365 1404 1405 
1403 1405 
1403 1404 

76 1409 

76 1106 1407 1693 
202 1987 
846 


1500 



1213 1419 1764 
1418 
1937 




603 615 712 1364 
1427 
76 1426 
41 
89 107 548 579 582 675 747 758 833 900 902 1033 1386 1625 1750 1769 1770 1850 


1433 1434 
1432 1434 
1432 1433 
420 

1438 1439 1440 
1437 1439 1440 
1437 1438 1440 
1437 1438 1439 

39 
56 78 79 1107 1114 1116 1117 1444 1445 1446 
56 78 1065 1107 1114 1116 1117 1343 1443 1445 1446 1704 
1065 1443 1444 1446 
79 1443 1444 1445 




1452 
1451 
1670 1675 
87 273 395 518 672 809 957 1582 1764 1773 1782 


155 935 1458 1459 
127 922 1457 1459 
1457 1458 





937 

151 

1479 
163 1284 


274 

179 662 

121 1113 

1469 


1369 1483 
1369 1482 

1486 
1485 

53 54 131 1500 1793 
243 1350 1531 1533 1621 
946 



1271 
1496 1497 
1495 1497 
1495 1496 
252 334 1522 1526 
49 72 107 182 279 332 395 573 587 609 715 720 727 728 847 900 902 943 1012 1021 1035 1058 1103 1116 1125 1146 1187 1320 1386 1388 1500 1521 1625 1675 1716 1750 1769 1770 1773 1774 1850 1912 1913 1925 1939 1971 1975 1980 1991 
54 131 182 249 1146 1414 1488 1499 1793 1913 1975 
1502 
1501 

785 









641 


100 252 650 919 1131 1167 1772 1777 1785 

560 746 

332 395 573 587 715 727 728 757 902 985 987 1386 1499 1522 1526 1625 1716 1750 1770 1912 1925 
49 334 579 728 833 987 1386 1498 1521 1526 1625 1736 1919 
107 114 279 573 609 847 985 1058 1146 1234 1364 1373 1524 1525 1625 1705 1752 1773 1991 
113 279 573 847 986 1058 1146 1364 1523 1525 1773 1774 1991 
49 89 107 115 197 279 313 548 573 579 580 609 847 895 985 1033 1058 1062 1103 1146 1154 1234 1307 1320 1364 1373 1386 1388 1523 1524 1536 1587 1625 1627 1634 1716 1769 1770 1773 1774 1852 1925 1991 
334 573 1396 1498 1521 1522 1572 1573 1773 
298 1528 
1527 1529 
1528 

215 243 244 1350 1489 1533 1621 

244 1024 1489 1531 1621 
1535 1540 
1534 1540 
629 895 1388 1525 1625 1634 



1534 1535 
1542 1842 
1541 


1321 

459 

1550 
1549 

55 85 469 653 682 845 922 1021 1150 1167 1187 1396 1595 1777 1842 1882 1935 


1676 




206 



1565 1569 
1564 1569 
1680 
983 
984 
1564 1565 
1976 
1572 1573 
1526 1571 1573 
1526 1571 1572 








836 1011 1454 
729 

87 469 583 826 862 1856 
533 
49 89 107 108 254 542 548 569 573 580 609 824 847 863 895 902 943 1035 1037 1058 1125 1146 1159 1188 1373 1386 1388 1525 1625 1626 1634 1764 1769 1770 1912 1925 1937 1980 
71 84 576 672 919 1084 1309 1396 1397 1986 
1167 
1593 1908 
1930 
1593 
1590 1592 
353 
71 653 682 919 933 1084 1113 1167 1552 1777 1842 1986 
918 1597 1612 
1596 






1627 



622 1609 
623 1608 

917 918 1612 1787 
192 917 918 1596 1611 

97 877 878 





351 762 1055 
215 243 1351 1489 1531 1533 


49 106 107 548 579 833 902 1033 1236 1386 1625 1750 1770 1774 
49 89 105 106 107 108 182 189 197 279 332 395 444 493 548 559 573 576 579 580 582 609 629 641 715 716 727 728 730 731 734 747 757 758 759 824 833 847 895 900 902 903 955 971 985 987 993 1012 1033 1035 1058 1062 1079 1103 1116 1125 1146 1154 1234 1307 1320 1364 1373 1385 1386 1388 1429 1499 1521 1522 1523 1525 1536 1587 1624 1634 1694 1716 1750 1769 1770 1771 1773 1774 1828 1850 1852 1912 1913 1925 1937 1980 1991 
89 573 712 1159 1373 1587 1773 1845 1878 
197 1364 1525 1604 1773 
109 548 
425 817 1086 1946 
76 163 1106 1284 
1802 
332 395 436 575 640 809 834 922 1131 1362 1975 
478 
49 89 107 197 279 548 573 579 580 629 715 824 833 847 895 902 955 985 1033 1058 1062 1146 1364 1373 1386 1525 1536 1587 1625 1694 1716 1769 1770 1774 1912 1925 1937 









119 278 1213 1645 
1213 1644 


1649 
1648 













180 334 728 1131 1664 1665 1785 
180 1663 1665 1678 
180 334 1131 1663 1664 




727 889 935 1453 1908 
1095 1732 
142 270 


84 87 89 332 573 609 621 728 809 889 902 984 1021 1103 1146 1453 1499 1716 1773 1935 1939 1991 
1024 1555 
1308 1678 
1664 1677 
1681 
1566 
1679 





1911 


1927 


1409 
105 107 548 580 694 895 993 1033 1146 1307 1386 1625 1634 1769 




1213 1360 




58 559 1114 1117 1343 1444 
182 279 847 957 1058 1523 
824 



1344 

1343 1713 
1712 
747 
49 332 902 1037 1716 1912 
32 33 49 89 105 106 107 108 182 189 279 332 334 395 444 493 548 559 573 579 580 582 587 609 629 641 715 716 727 728 731 734 747 757 759 760 847 889 895 900 902 903 943 985 993 1012 1033 1058 1107 1116 1125 1146 1154 1307 1320 1356 1364 1383 1385 1386 1499 1521 1525 1625 1634 1675 1715 1750 1769 1770 1774 1850 1852 1912 1913 1925 1935 1937 1939 1958 1971 1975 1980 1991 


478 838 1271 


1723 1724 
1722 1724 
1722 1723 






877 
32 78 130 155 223 280 332 375 395 435 436 559 573 715 720 727 728 780 790 935 943 1012 1058 1095 1107 1116 1117 1131 1356 1383 1671 1733 1734 1785 1798 1830 1835 1912 1913 1925 1975 
721 1732 1734 1798 
722 1732 1733 1798 
966 1736 1750 
579 728 833 902 1522 1735 1750 1770 1771 



270 

1745 


351 1742 
1239 


224 246 284 1124 1365 1839 
49 89 101 105 106 107 130 131 132 182 332 548 579 580 582 593 641 675 715 720 727 728 747 757 758 771 900 902 903 930 943 966 1033 1125 1146 1385 1386 1429 1499 1521 1624 1625 1716 1735 1736 1769 1770 1850 1912 1913 1958 

712 1159 1300 1523 1845 1878 


804 
1757 1758 
1756 1758 
1756 1757 





87 254 278 542 609 712 809 847 984 1107 1114 1188 1213 1373 1418 1454 1587 1782 
1768 
952 
465 1945 
1765 
49 89 105 106 107 108 159 170 182 279 332 444 493 548 573 576 579 580 582 609 629 675 715 728 731 747 750 757 758 759 824 833 847 895 900 902 955 985 993 1033 1062 1079 1125 1146 1154 1234 1307 1320 1364 1385 1386 1388 1429 1499 1525 1587 1625 1634 1694 1716 1750 1770 1771 1774 1828 1850 1852 1912 1925 1937 1980 
49 89 105 106 107 108 182 189 279 332 334 395 444 493 548 573 579 580 582 587 609 629 715 716 727 728 731 734 747 757 758 759 824 833 847 895 900 902 943 955 985 987 993 1012 1033 1035 1058 1062 1103 1116 1125 1146 1154 1234 1307 1320 1364 1385 1386 1388 1429 1499 1521 1525 1587 1624 1625 1634 1716 1736 1750 1769 1771 1774 1828 1850 1852 1912 1913 1925 1935 1937 1971 1975 1980 1989 
579 728 824 833 902 1033 1062 1386 1625 1736 1769 1770 1774 1850 
650 919 1131 1167 1517 
49 80 84 85 87 89 107 115 182 279 332 395 542 559 568 573 585 609 621 712 721 809 847 957 984 1021 1058 1103 1119 1125 1139 1146 1159 1188 1234 1320 1364 1373 1388 1454 1499 1523 1524 1525 1526 1625 1626 1627 1675 1774 1852 1856 1925 1935 1939 1975 1991 
49 89 106 107 113 182 279 395 444 548 573 579 582 609 630 728 734 747 758 824 847 895 900 902 956 993 1033 1058 1062 1103 1125 1146 1154 1234 1320 1364 1386 1388 1499 1524 1525 1624 1625 1634 1716 1769 1770 1771 1773 1913 1925 1980 


71 650 653 682 845 919 933 1084 1167 1517 1552 1595 1842 1986 


645 

542 809 1373 1454 1764 


155 252 332 334 426 573 577 650 715 727 728 809 919 922 1103 1131 1167 1256 1356 1517 1663 1732 1925 1935 1967 1986 

1611 


524 
1990 

131 1488 1500 




252 650 707 919 1732 1733 1734 1936 
1874 


1208 1631 

33 170 348 










103 
1817 1823 
1816 

269 

613 1830 1831 1913 

1816 

716 1321 
262 509 1885 
609 847 
33 279 847 895 1154 1364 1385 1386 1625 1769 1770 

32 223 641 728 780 802 943 1012 1354 1356 1732 1821 1831 1912 
32 223 641 715 728 761 780 802 889 1821 1830 1912 1913 1925 



332 395 573 943 1012 1058 1356 1373 1732 1836 1837 1925 1975 
1835 1837 
1357 1835 1836 

224 246 284 1365 1749 


397 650 653 682 919 1167 1541 1552 1595 1777 

1845 
712 1143 1159 1626 1752 1844 1878 



32 254 613 837 
32 89 107 152 182 254 279 313 548 579 580 582 593 609 757 847 900 902 903 930 931 1116 1154 1385 1386 1388 1429 1499 1625 1716 1750 1769 1770 1771 1851 1912 1937 
904 1850 
49 107 108 279 548 579 609 757 758 759 809 847 902 1125 1146 1154 1364 1385 1386 1388 1525 1625 1716 1769 1770 1773 1980 


254 1107 1188 
87 583 712 955 1585 1773 

1859 
1858 
1861 1862 
1860 
1860 
500 

998 





50 648 
78 583 863 1873 1877 
1159 1872 1877 
782 1799 

870 
863 1050 1872 1873 
542 712 1143 1159 1373 1626 1752 1845 



55 469 842 845 1021 1105 1552 
452 
251 
262 1826 



331 1954 
1185 
803 

270 522 

142 471 522 

605 










130 332 587 715 727 935 943 1131 1590 1670 1909 1912 
1908 

1687 
32 49 72 78 89 105 106 107 108 130 182 189 223 254 279 298 332 395 435 444 493 548 559 573 579 580 587 629 641 675 715 720 727 728 731 757 780 802 889 895 902 943 955 985 990 993 1012 1033 1058 1107 1116 1125 1146 1300 1320 1356 1383 1385 1386 1388 1499 1521 1587 1625 1634 1715 1716 1732 1750 1769 1770 1830 1831 1850 1908 1913 1925 1937 1939 1948 1958 1971 1975 
89 107 130 131 182 332 436 715 720 727 728 900 902 943 956 1058 1125 1356 1386 1499 1500 1625 1716 1732 1750 1770 1774 1821 1831 1912 1958 1975 
384 
77 


1919 
1522 1918 





49 89 107 155 189 279 312 332 334 395 493 533 573 579 580 609 621 641 715 727 728 731 895 902 955 985 987 993 1012 1013 1058 1095 1103 1116 1146 1373 1386 1499 1521 1525 1587 1625 1634 1716 1732 1769 1770 1773 1774 1785 1831 1835 1912 1935 1975 1991 

1690 

1367 
873 1169 1591 1932 

1169 1930 
71 252 426 528 588 672 919 1084 1131 1396 1397 1986 

55 84 85 87 89 187 189 332 395 493 559 568 573 609 728 731 836 845 902 955 1012 1021 1103 1167 1364 1386 1552 1675 1716 1770 1773 1785 1925 1967 1991 
155 252 727 728 730 734 1369 1798 
106 107 108 254 279 332 548 579 580 728 759 895 902 1033 1058 1107 1116 1146 1386 1388 1420 1587 1625 1634 1716 1769 1770 1850 1912 

87 101 106 130 131 182 254 269 365 395 435 462 499 542 573 609 847 902 957 1029 1058 1107 1291 1320 1360 1388 1499 1675 1716 1773 1912 1975 1991 
198 
562 580 
1947 

918 
465 777 939 1767 
397 425 687 817 1086 1629 
203 1942 
32 35 72 130 1107 1383 1912 
175 280 

496 


1072 1239 1889 

544 

89 130 760 800 902 943 1716 1750 1912 1913 

106 107 254 395 542 573 863 1116 1146 
90 176 620 731 1386 
833 1971 



914 1036 1110 
493 887 1785 1935 1968 1969 
1967 1969 
887 1967 1968 

352 353 499 902 1058 1388 1499 1716 1770 1912 1962 
159 189 573 


32 49 72 78 87 107 130 131 182 223 254 279 332 375 395 435 436 437 542 559 573 587 588 698 715 720 727 728 780 809 867 935 943 957 1012 1032 1037 1058 1095 1107 1116 1117 1125 1131 1146 1291 1320 1356 1383 1388 1499 1500 1632 1716 1732 1770 1773 1835 1912 1913 1925 1939 1991 
1570 
1380 1978 1979 
1977 1979 
1977 1978 
107 108 182 391 548 747 902 1070 1146 1386 1499 1587 1625 1716 1769 1770 1774 1852 

368 1347 


747 783 1160 1162 1163 1989 
71 334 426 528 554 588 650 653 919 1084 1113 1131 1309 1588 1595 1777 1785 1933 
202 1410 

101 902 1033 1770 1985 
1791 
32 49 84 87 89 107 279 312 313 332 395 559 573 576 582 609 621 809 847 895 902 957 1012 1058 1119 1125 1139 1146 1234 1291 1320 1364 1386 1388 1499 1523 1524 1525 1625 1675 1716 1773 1925 1935 1939 1975 








